000000
000001
000002
000003
000004
000005
000006
000007
000008
000009
000010
000011
000012
000013
000014
000015
000016
000017
000018
000019
000020
000021
000022
000023
000024
000025
000026
000029
000030
000031
000032
000033
000035
000036
000037
000038
000039
000040
000041
000042
000043
000044
000045
000046
000047
000048
000049
000050
000051
000052
000053
000054
000055
000056
000057
000058
000059
000060
000061
000062
000063
000064
000065
000066
000067
000068
000069
000070
000071
000072
000073
000074
000075
000078
000079
000081
000082
000083
000084
000085
000086
000087
000088
000089
000090
000091
000093
000094
000095
000096
000097
000098
000099
000100
000101
000102
000103
000105
000106
000107
000108
000109
000110
000111
000114
000115
000116
000117
000118
000119
000120
000122
000123
000124
000125
000126
000127
000128
000129
000130
000131
000132
000133
000134
000135
000136
000137
000138
000139
000140
000141
000142
000143
000144
000145
000146
000147
000148
000149
000150
000151
000152
000153
000154
000155
000156
000157
000158
000159
000160
000161
000162
000163
000164
000165
000166
000167
000169
000170
000171
000172
000173
000174
000175
000176
000177
000178
000179
000180
000181
000182
000183
000184
000185
000186
000187
000188
000189
000190
000191
000192
000193
000194
000195
000196
000197
000198
000199
000202
000203
000204
000205
000206
000207
000208
000209
000210
000211
000212
000213
000214
000215
000216
000217
000218
000219
000220
000221
000222
000223
000224
000225
000226
000227
000228
000229
000230
000231
000232
000233
000234
000235
000236
000237
000238
000239
000240
000241
000242
000243
000244
000245
000246
000247
000248
000249
000250
000251
000252
000253
000254
000255
000256
000257
000258
000259
000260
000261
000262
000263
000264
000265
000266
000267
000268
000269
000270
000271
000272
000274
000276
000277
000278
000279
000280
000281
000282
000283
000284
000285
000286
000287
000288
000289
000290
000291
000292
000293
000294
000295
000296
000297
000298
000299
000300
000301
000302
000304
000305
000306
000307
000308
000309
000310
000311
000312
000313
000314
000315
000316
000317
000319
000320
000321
000323
000324
000325
000326
000327
000328
000329
000330
000331
000332
000333
000335
000336
000337
000338
000339
000340
000341